10 30
20 110
50 598
100 2104
200 8184
500 46351
1000 175735
2000 669131
5000 3948257
10000 15175062
20000 58489236
50000 349550848
100000 1355157363
200000 5262575704
500000 31711811956
1000000 123580381409
2000000 482315016752
5000000 2923003743442
10000000 11435751201579
20000000 44785566521560
50000000 272542456685347
100000000 1069360673807338
200000000 4198817101374897
500000000 25632939458464388
1000000000 100795706492548429
2000000000 396580451669032816
5000000000 2427073574988641143
10000000000 9560588583456807260
